&InputData

    ngrb = 1366
    inputBatseDataFile  = "batse_1366_lgrb_p1024ph_epk_sch23ph.txt"
    outputBatseDataFile = "batse_1366_lgrb_pbol_epk_sbol(0.001,20000).txt"

    IntegrationLimit%Zplus1min = 1.10e0
    IntegrationLimit%Zplus1max = 2.1e1
    IntegrationLimit%logepkmin = -6.7121659604233440
    IntegrationLimit%logepkmax = +12.455573549219071

    QuadSpecZ%nstep = 50
    QuadSpecZ%nRefinement = 3
    QuadSpecZ%tolerance = 1.d-4

    QuadSpecLiso%nstep = 50
    QuadSpecLiso%nRefinement = 5
    QuadSpecLiso%tolerance = 1.d-5

    QuadSpecEpkz%nstep = 50
    QuadSpecEpkz%nRefinement = 4
    QuadSpecEpkz%tolerance = 1.d-6

    QuadSpecGRBz%nstep = 50
    QuadSpecGRBz%nRefinement = 3
    QuadSpecGRBz%tolerance = 1.d-4

/

&ParaDRAM

    description                 = "ParaDRAM sampling of the LGRB world model of BATSE 1366 LGRBs,\nwithout any redshift (Kfactor) corrections to T90 durations"
   !outputColWidth              = 25
    outputRealPrecision         = 8
    fileBase                    = "./out/B10"
    randomSeed                  = 333547,
   !AccRange                    = 0.1e0,0.25e0,
    VarName                     = avgLogLiso
                                , avgLogEpkz
                                , avgLogEiso
                                , avgLogT90z
                                , stdLogLiso
                                , stdLogEpkz
                                , stdLogEiso
                                , stdLogT90z
                                , atanhCorLisoEpkz
                                , atanhCorLisoEiso
                                , atanhCorLisoT90z
                                , atanhCorEpkzEiso
                                , atanhCorEpkzT90z
                                , atanhCorEisoT90z
                                , avgLogThresh
                                , stdLogThresh
    targetAcceptanceRatio       = 0.2e0,
    scaleFactor                 = "0.5*gelman",
    sampleSize                  = 2500,
    chainSize                   = 100000,
    adaptiveUpdateCount         = 100000,
    greedyAdaptationCount       = 0,
    adaptiveUpdatePeriod        = 100,
    progressReportPeriod        = 100,
    proposalModel               = gaussian,
    parallelModel               = singleChain,
   !Domain(:,1)                 = 1*-1.e300,
   !Domain(:,2)                 = 1*1.e300,
    maxNumDomainCheckToWarn     = 100
    maxNumDomainCheckToStop     = 1000
    inputFileHasPriority        = .true.
    randomStartPointRequested   = .false.
    compactChainRequested       = .true.
    singleRestartFileRequested  = .true.
    StartPoint                  = 117.565173883161	5.44521590352234	118.177369802405	1.70199647242268	0.550558141881443	-0.112309068292431	0.860126852396906	-0.100505705024055	0.588125422491410	2.07712352671821	0.988760655051547	0.753343993522338	0.530988132542955	0.964780335446733	-0.832579302963918	-0.965435071348797
!   StartPoint                  = 117.197197335702	5.35648912957372	117.829433792185	1.69106693898757	0.610321341536413	-0.0972501818246005	0.888943461296624	-0.102522170627886	0.617375150905862	2.04372633294849	0.917370530666074	0.779385025905861	0.547983453392540	0.941390457957370	-0.806808626403198	-0.933018260985790
!                                119.118117794332
!                                5.85735045292601
!                                119.813059513312
!                                1.84830598732500
!                                0.380212659771481
!                                -0.182651138978665
!                                0.745488895130263
!                                -0.0975956246864498
!                                0.474536861303815
!                                1.98932066873775
!                                0.992609911599841
!                                0.678985402736077
!                                0.546564843235335
!                                0.950554961839639
!                                -1.01912003233806
!                                -1.20088599936337
/

&ParaDRAMPropGaus

    StartStaDev = 0.564828649351765	0.171432475328557	0.595673772754709	0.0796581510987282	0.0819299465072324	0.0419956373298972	0.0571387084249410	0.0182176682164150	0.0833030146455131	0.0817858481008994	0.112573184303974	0.0631884601751605	0.0481353157907395	0.0828779368874370	0.0570681081664190	0.0805753701477284
!   StartStaDev = 0.654197610048890	0.210018769704443	0.690827506768047	0.0810628805840471	0.0934468996153463	0.0482807224670953	0.0655781138950014	0.0215258504708742	0.0890214119497644	0.0952633260440005	0.132825047938172	0.0687410342404452	0.0415659417878682	0.0845616641728157	0.0632331299147174	0.0838903007453501
!                0.444984611131231
!                0.126339243863466
!                0.472896987394933
!                0.0764306872066152
!                0.110013651996961
!                0.0461953105494820
!                0.0693919663692672
!                0.0249718475389732
!                0.0962701614764171
!                0.125128218527617
!                0.152710255819947
!                0.0682883555894965
!                0.0535159552395022
!                0.0905060346353824
!                0.0481869150049149
!                0.101422300905074

    StartCorMat = 
                !corr    loglumean    logepkzmean    logeisomean    logt90zmean    loglumsigma    logepkzsigma    logeisosigma    logT90zsigma    rholumepkz    rholumeiso    rholumt90z    rhoepkzeiso    rhoepkzt90z    rhoeisot90z    Log(Cmin)    Log(Cmin_STDEV)
                1	0.911107818577103	0.993760512690482	0.569276685494123	-0.850106896266742	-0.626298776045519	-0.807723001279654	-0.0437546207809827	-0.567478035613691	-0.276849267171892	0.353232619979203	-0.536968853639761	0.124759546174769	0.241657189551947	-0.568470482318402	-0.292968529963011
                0.911107818577103	1	0.923106612009043	0.543775784724403	-0.794417954530765	-0.827385226377694	-0.798817743230052	-0.0888153429433285	-0.824272659093520	-0.417678142769655	0.312691125796069	-0.797152038035971	0.180761008045021	0.231986918870445	-0.534620114714898	-0.278863671299475
                0.993760512690482	0.923106612009043	1	0.613964030599837	-0.868722981968269	-0.667962927835872	-0.849139011421716	-0.0460522820532331	-0.600299344579594	-0.362309782628037	0.332586010309705	-0.576129799618861	0.100745866061277	0.231659163592056	-0.548914932135518	-0.293872041604158
                0.569276685494123	0.543775784724403	0.613964030599837	1	-0.544637490887802	-0.495485927597752	-0.600128426066813	-0.0324287927274480	-0.338867177835476	-0.402755964097768	-0.461617281415945	-0.367069978202172	-0.563027768977613	-0.547930937378229	-0.301404509886873	-0.256494190936661
                -0.850106896266742	-0.794417954530765	-0.868722981968269	-0.544637490887802	1	0.677791451436704	0.971451233417772	-0.0885289002431655	0.656243533700127	0.427296862693384	-0.389291130257897	0.651365775135485	0.0371175368170844	-0.268945503431249	0.188907917641933	0.0185830084387381
                -0.626298776045519	-0.827385226377694	-0.667962927835872	-0.495485927597752	0.677791451436704	1	0.752465805937346	0.131085884949399	0.870843434806779	0.581954928359372	-0.166109193534942	0.862254339880133	-0.108327378135873	-0.137025857913178	0.278896564925834	0.125780228588751
                -0.807723001279654	-0.798817743230052	-0.849139011421716	-0.600128426066813	0.971451233417772	0.752465805937346	1	-0.0489078520343431	0.704021404772033	0.588212690253413	-0.325750745131308	0.714129400166029	0.0597564879516113	-0.239079220405464	0.171482708230019	0.0371846355369402
                -0.0437546207809827	-0.0888153429433285	-0.0460522820532331	-0.0324287927274480	-0.0885289002431655	0.131085884949399	-0.0489078520343431	1	-0.0233633665840410	-0.180302755419422	-0.116359458417828	-0.00809518193356230	-0.109411191578092	-0.0420610869506719	0.160525030189959	0.0350563344234779
                -0.567478035613691	-0.824272659093520	-0.600299344579594	-0.338867177835476	0.656243533700127	0.870843434806779	0.704021404772033	-0.0233633665840410	1	0.569653091865239	-0.264176380265175	0.985107849880118	-0.169426501697131	-0.238140020501884	0.219359780978165	0.0893107364201849
                -0.276849267171892	-0.417678142769655	-0.362309782628037	-0.402755964097768	0.427296862693384	0.581954928359372	0.588212690253413	-0.180302755419422	0.569653091865239	1	-0.00247376209509859	0.572880864895359	-0.0232743338412404	-0.128123245330077	0.0512238706604795	0.109539716917408
                0.353232619979203	0.312691125796069	0.332586010309705	-0.461617281415945	-0.389291130257897	-0.166109193534942	-0.325750745131308	-0.116359458417828	-0.264176380265175	-0.00247376209509859	1	-0.220723286638323	0.674018785637157	0.961657967205365	-0.0604406605277887	0.116505049673298
                -0.536968853639761	-0.797152038035971	-0.576129799618861	-0.367069978202172	0.651365775135485	0.862254339880133	0.714129400166029	-0.00809518193356230	0.985107849880118	0.572880864895359	-0.220723286638323	1	-0.0705542404739018	-0.189136494038243	0.166922080295671	0.0641622267535249
                0.124759546174769	0.180761008045021	0.100745866061277	-0.563027768977613	0.0371175368170844	-0.108327378135873	0.0597564879516113	-0.109411191578092	-0.169426501697131	-0.0232743338412404	0.674018785637157	-0.0705542404739018	1	0.768343977303923	-0.208989790600097	-0.0483223766506240
                0.241657189551947	0.231986918870445	0.231659163592056	-0.547930937378229	-0.268945503431249	-0.137025857913178	-0.239079220405464	-0.0420610869506719	-0.238140020501884	-0.128123245330077	0.961657967205365	-0.189136494038243	0.768343977303923	1	-0.0460707900295494	0.0960840767813121
                -0.568470482318402	-0.534620114714898	-0.548914932135518	-0.301404509886873	0.188907917641933	0.278896564925834	0.171482708230019	0.160525030189959	0.219359780978165	0.0512238706604795	-0.0604406605277887	0.166922080295671	-0.208989790600097	-0.0460707900295494	1	0.888245443718775
                -0.292968529963011	-0.278863671299475	-0.293872041604158	-0.256494190936661	0.0185830084387381	0.125780228588751	0.0371846355369402	0.0350563344234779	0.0893107364201849	0.109539716917408	0.116505049673298	0.0641622267535249	-0.0483223766506240	0.0960840767813121	0.888245443718775	1

!                1	0.949359270995861	0.995350622736435	0.643604365883776	-0.877353076971370	-0.785759774329571	-0.851336323125014	-0.217526616156169	-0.716813357318580	-0.357516499560443	0.367418049468574	-0.696110727281860	-0.0114541163498879	0.286599763291344	-0.603912450037011	-0.518944143393021
!                0.949359270995861	1	0.951004819473043	0.622481261232376	-0.852518893843474	-0.887994002857919	-0.848127098132699	-0.306575144624246	-0.874390280324183	-0.379658576081821	0.344980065665888	-0.859558911283321	-0.00858658213607093	0.281942231824117	-0.549535761050512	-0.451834830347869
!                0.995350622736435	0.951004819473044	1	0.680239539268316	-0.889184432139580	-0.799431432496671	-0.881899525042806	-0.246080940292687	-0.738214108983607	-0.434421091142341	0.352745785556002	-0.719650713875576	-0.0357746421831785	0.279295592783401	-0.582448342897670	-0.496545623015092
!                0.643604365883776	0.622481261232376	0.680239539268316	1	-0.576059260246001	-0.585852042533402	-0.649929351366575	-0.459035086808476	-0.512112758831449	-0.609523040879324	-0.329434584151833	-0.500661171010297	-0.511540655904951	-0.400190433923788	-0.314648508425473	-0.215771432906678
!                -0.877353076971370	-0.852518893843474	-0.889184432139580	-0.576059260246001	1	0.831618835458326	0.972249843837167	0.150291723974176	0.765509861028488	0.462244062289185	-0.490065575518993	0.757263697707780	0.122560484124874	-0.403420725569631	0.245318897566414	0.224247339741484
!                -0.785759774329571	-0.887994002857919	-0.799431432496671	-0.585852042533402	0.831618835458326	1	0.847757512925922	0.350285200533750	0.896603721567935	0.427882533382494	-0.289307072550556	0.892806161912941	0.0936719875381630	-0.230624216733127	0.353045723061409	0.280228853567710
!                -0.851336323125014	-0.848127098132699	-0.881899525042806	-0.649929351366575	0.972249843837167	0.847757512925922	1	0.245915838993174	0.800804282514691	0.608885687775798	-0.412994685568392	0.800716307518478	0.185615282381440	-0.345106989441418	0.233092423123233	0.201377987935562
!                -0.217526616156169	-0.306575144624246	-0.246080940292687	-0.459035086808476	0.150291723974176	0.350285200533750	0.245915838993174	1	0.338347524670430	0.280721217513877	0.0874519203194630	0.326115126321790	0.175701102423455	0.163577757953210	0.201230910163790	0.104639208869446
!                -0.716813357318580	-0.874390280324183	-0.738214108983607	-0.512112758831449	0.765509861028488	0.896603721567935	0.800804282514691	0.338347524670430	1	0.498686478313517	-0.300184168284240	0.988263631632696	0.0628257291991506	-0.274625047254649	0.308661993218221	0.250836769145214
!                -0.357516499560443	-0.379658576081821	-0.434421091142341	-0.609523040879324	0.462244062289185	0.427882533382494	0.608885687775798	0.280721217513877	0.498686478313517	1	0.0541662051340670	0.492120012001974	0.190358571262521	-0.0204795833086041	0.0101030762272470	0.0462841788608702
!                0.367418049468574	0.344980065665888	0.352745785556002	-0.329434584151833	-0.490065575518993	-0.289307072550556	-0.412994685568392	0.0874519203194630	-0.300184168284240	0.0541662051340670	1	-0.294845344953103	0.501043930982842	0.966949731064283	-0.0679792614572034	-0.107681971223308
!                -0.696110727281860	-0.859558911283321	-0.719650713875576	-0.500661171010297	0.757263697707780	0.892806161912941	0.800716307518478	0.326115126321790	0.988263631632696	0.492120012001974	-0.294845344953103	1	0.141342711907181	-0.265338718964877	0.261480918470452	0.203073231047594
!                -0.0114541163498878	-0.00858658213607093	-0.0357746421831785	-0.511540655904951	0.122560484124874	0.0936719875381631	0.185615282381440	0.175701102423455	0.0628257291991506	0.190358571262521	0.501043930982842	0.141342711907181	1	0.604371359315035	-0.207925092563375	-0.243288873173828
!                0.286599763291344	0.281942231824117	0.279295592783401	-0.400190433923788	-0.403420725569631	-0.230624216733127	-0.345106989441418	0.163577757953210	-0.274625047254649	-0.0204795833086041	0.966949731064283	-0.265338718964877	0.604371359315035	1	-0.0303772597643739	-0.0874303483025271
!                -0.603912450037011	-0.549535761050512	-0.582448342897670	-0.314648508425473	0.245318897566414	0.353045723061409	0.233092423123233	0.201230910163790	0.308661993218221	0.0101030762272470	-0.0679792614572034	0.261480918470452	-0.207925092563375	-0.0303772597643739	1	0.921945531724840
!                -0.518944143393021	-0.451834830347869	-0.496545623015092	-0.215771432906678	0.224247339741484	0.280228853567710	0.201377987935562	0.104639208869446	0.250836769145214	0.0462841788608702	-0.107681971223308	0.203073231047594	-0.243288873173828	-0.0874303483025271	0.921945531724840	1

!                1	0.875564998928283	0.992670500255810	0.601868302338981	-0.906735044590713	-0.524850935633767	-0.866821591800467	0.00171226875844081	-0.482399813203639	-0.230526009987762	0.232581146095734	-0.475943455694948	-0.231283909855127	0.0972232186610718	-0.583542803724775	-0.353243915719035
!                0.875564998928283	1	0.901520018503165	0.629751976345080	-0.808226154041864	-0.789745966366779	-0.842735271262798	-0.0297937934178562	-0.798315228601616	-0.454330282575438	0.0866262870370641	-0.782220556495361	-0.162965837728957	0.0312666470324791	-0.487212765136162	-0.291794697681727
!                0.992670500255810	0.901520018503165	1	0.649374109274986	-0.913313931751941	-0.570845800025186	-0.900709035939596	-0.0220933902430959	-0.536676101931018	-0.319438487506055	0.195265962357962	-0.529265730784310	-0.245724911705450	0.0778392927905460	-0.564736068863114	-0.339921914708365
!                0.601868302338981	0.629751976345080	0.649374109274986	1	-0.636050479038016	-0.489645360054722	-0.693613571425474	-0.232562205574429	-0.502843215265600	-0.406176674567748	-0.458096231457652	-0.498632967646359	-0.563436009688264	-0.557941133185504	-0.265187923121888	-0.153460484661217
!                -0.906735044590713	-0.808226154041864	-0.913313931751941	-0.636050479038016	1	0.560687097270142	0.959523785989585	0.0200842955658217	0.553123433551395	0.275770674603150	-0.237328261579951	0.554778163062814	0.310711908105877	-0.0859808615007972	0.368825540193983	0.197058657409794
!                -0.524850935633767	-0.789745966366779	-0.570845800025186	-0.489645360054722	0.560687097270142	1	0.657775896211456	0.0684921726323744	0.874554018706957	0.538085243660274	0.0500528631140392	0.861597577105245	0.0615861367545941	0.0297362905332382	0.225826503287315	0.123767781455121
!                -0.866821591800467	-0.842735271262798	-0.900709035939596	-0.693613571425474	0.959523785989585	0.657775896211456	1	0.103836609784182	0.660603571517742	0.483551810419026	-0.131743115128967	0.662770421148789	0.327761947555363	-0.0324070112781087	0.341267794223851	0.181582198624019
!                0.00171226875844081	-0.0297937934178562	-0.0220933902430959	-0.232562205574429	0.0200842955658217	0.0684921726323744	0.103836609784182	1	0.0595102748687663	0.0628181885967071	0.0594585720849017	0.0770966732120728	0.0884286933139206	0.138853520036122	-0.0319305712137072	-0.0207748982781229
!                -0.482399813203639	-0.798315228601616	-0.536676101931018	-0.502843215265600	0.553123433551395	0.874554018706957	0.660603571517742	0.0595102748687663	1	0.630680654389395	0.0951114908088696	0.975811473071442	0.0934964824430230	0.0504974753907759	0.162972458731718	0.0826598220674404
!                -0.230526009987762	-0.454330282575438	-0.319438487506055	-0.406176674567748	0.275770674603150	0.538085243660274	0.483551810419026	0.0628181885967071	0.630680654389395	1	0.252809392602517	0.573277450702192	0.0463870328681475	0.0613147884994345	0.0655425691771989	0.0362234875619065
!                0.232581146095734	0.0866262870370641	0.195265962357962	-0.458096231457652	-0.237328261579951	0.0500528631140392	-0.131743115128967	0.0594585720849017	0.0951114908088696	0.252809392602517	1	0.0765119691620638	0.461771024381117	0.933109572232231	-0.0996909710151090	-0.0457955819293373
!                -0.475943455694948	-0.782220556495361	-0.529265730784310	-0.498632967646359	0.554778163062814	0.861597577105245	0.662770421148789	0.0770966732120728	0.975811473071442	0.573277450702192	0.0765119691620638	1	0.190151906751085	0.0509388221614580	0.148726911496092	0.0718586564693567
!                -0.231283909855127	-0.162965837728957	-0.245724911705450	-0.563436009688264	0.310711908105877	0.0615861367545941	0.327761947555363	0.0884286933139206	0.0934964824430230	0.0463870328681475	0.461771024381117	0.190151906751085	1	0.616957890041026	0.0460315600054374	0.0157215435398705
!                0.0972232186610718	0.0312666470324791	0.0778392927905460	-0.557941133185504	-0.0859808615007972	0.0297362905332382	-0.0324070112781087	0.138853520036122	0.0504974753907759	0.0613147884994345	0.933109572232231	0.0509388221614580	0.616957890041025	1	-0.0426642381387274	-0.0161803983489316
!                -0.583542803724775	-0.487212765136162	-0.564736068863114	-0.265187923121888	0.368825540193983	0.225826503287315	0.341267794223851	-0.0319305712137072	0.162972458731718	0.0655425691771989	-0.0996909710151090	0.148726911496092	0.0460315600054374	-0.0426642381387274	1	0.778943433862866
!                -0.353243915719035	-0.291794697681727	-0.339921914708365	-0.153460484661217	0.197058657409794	0.123767781455121	0.181582198624019	-0.0207748982781229	0.0826598220674404	0.0362234875619065	-0.0457955819293373	0.0718586564693567	0.0157215435398705	-0.0161803983489316	0.778943433862866	1

/
