&InputData

    ngrb = 1366
    inputBatseDataFile  = "batse_1366_lgrb_p1024ph_epk_sch23ph.txt"
    outputBatseDataFile = "batse_1366_lgrb_pbol_epk_sbol(0.001,20000).txt"

    IntegrationLimit%Zplus1min = 1.10e0
    IntegrationLimit%Zplus1max = 2.1e1
    IntegrationLimit%logepkmin = -6.7121659604233440
    IntegrationLimit%logepkmax = +12.455573549219071

    QuadSpecZ%nstep = 50
    QuadSpecZ%nRefinement = 3
    QuadSpecZ%tolerance = 1.d-4

    QuadSpecLiso%nstep = 50
    QuadSpecLiso%nRefinement = 5
    QuadSpecLiso%tolerance = 1.d-5

    QuadSpecEpkz%nstep = 50
    QuadSpecEpkz%nRefinement = 4
    QuadSpecEpkz%tolerance = 1.d-6

    QuadSpecGRBz%nstep = 50
    QuadSpecGRBz%nRefinement = 3
    QuadSpecGRBz%tolerance = 1.d-4

/

&ParaDRAM

    description                 = "ParaDRAM sampling of the LGRB world model of BATSE 1366 LGRBs,\nwithout any redshift (Kfactor) corrections to T90 durations"
   !outputColWidth              = 25
    outputRealPrecision         = 8
    fileBase                    = "./out/L08"
    randomSeed                  = 333547,
   !AccRange                    = 0.1e0,0.25e0,
    VarName                     = avgLogLiso
                                , avgLogEpkz
                                , avgLogEiso
                                , avgLogT90z
                                , stdLogLiso
                                , stdLogEpkz
                                , stdLogEiso
                                , stdLogT90z
                                , atanhCorLisoEpkz
                                , atanhCorLisoEiso
                                , atanhCorLisoT90z
                                , atanhCorEpkzEiso
                                , atanhCorEpkzT90z
                                , atanhCorEisoT90z
                                , avgLogThresh
                                , stdLogThresh
    targetAcceptanceRatio       = 0.2e0,
    scaleFactor                 = "0.5*gelman",
    sampleSize                  = 2500,
    chainSize                   = 100000,
    adaptiveUpdateCount         = 100000,
    greedyAdaptationCount       = 0,
    adaptiveUpdatePeriod        = 100,
    progressReportPeriod        = 100,
    proposalModel               = gaussian,
    parallelModel               = singleChain,
   !Domain(:,1)                 = 1*-1.e300,
   !Domain(:,2)                 = 1*1.e300,
    maxNumDomainCheckToWarn     = 100
    maxNumDomainCheckToStop     = 1000
    inputFileHasPriority        = .true.
    randomStartPointRequested   = .false.
    compactChainRequested       = .true.
    singleRestartFileRequested  = .true.
    StartPoint                  = 117.565173883161	5.44521590352234	118.177369802405	1.70199647242268	0.550558141881443	-0.112309068292431	0.860126852396906	-0.100505705024055	0.588125422491410	2.07712352671821	0.988760655051547	0.753343993522338	0.530988132542955	0.964780335446733	-0.832579302963918	-0.965435071348797
!                                118.590176534238
!                                5.69014827289191
!                                119.592426999265
!                                2.20580010911072
!                                0.294784175521774
!                                -0.179193000814017
!                                0.671669977018132
!                                -0.0605946493805743
!                                0.492214209496281
!                                1.73473549189652
!                                0.689681007952310
!                                0.663074830240640
!                                0.390301002106900
!                                0.799276966133475
!                                -1.04702632853863
!                                -1.23799702134631
/

&ParaDRAMPropGaus

    StartStaDev = 0.564828649351765	0.171432475328557	0.595673772754709	0.0796581510987282	0.0819299465072324	0.0419956373298972	0.0571387084249410	0.0182176682164150	0.0833030146455131	0.0817858481008994	0.112573184303974	0.0631884601751605	0.0481353157907395	0.0828779368874370	0.0570681081664190	0.0805753701477284
!                0.437785099727419
!                0.118951833347759
!                0.450492697180327
!                0.0653099340182658
!                0.132875725710467
!                0.0418630608782544
!                0.0744638567695986
!                0.0231875757137518
!                0.0909708736443627
!                0.114630783973113
!                0.143173636294202
!                0.0647110911271530
!                0.0464090648555274
!                0.0889631590408806
!                0.0517729520320936
!                0.109974665033128

    StartCorMat = 
                !corr    loglumean    logepkzmean    logeisomean    logt90zmean    loglumsigma    logepkzsigma    logeisosigma    logT90zsigma    rholumepkz    rholumeiso    rholumt90z    rhoepkzeiso    rhoepkzt90z    rhoeisot90z    Log(Cmin)    Log(Cmin_STDEV)
                1	0.902235502466643	0.991630055639548	0.343796471536954	-0.911778130844498	-0.589781079270651	-0.863288673392872	-0.142191771363955	-0.503578470356047	-0.0760167151319472	0.502651715067434	-0.527261310501613	0.0452013917551615	0.441442676311651	-0.680226593220662	-0.440299429223641
                0.902235502466643	1	0.920648010606771	0.378608070930129	-0.819871823735329	-0.789435847343274	-0.835962138454404	-0.146783471653166	-0.774569515140796	-0.236663358715056	0.397448068233387	-0.776867928297999	0.0704996616119359	0.380371191106830	-0.611360610413661	-0.399055102999556
                0.991630055639548	0.920648010606771	1	0.421015771781953	-0.912725205858731	-0.624752166526293	-0.899124534382982	-0.149839094779248	-0.548741222671204	-0.174914328380681	0.444866594373299	-0.569837859459433	0.00241524830894805	0.400257322817329	-0.665235798595898	-0.429441551167405
                0.343796471536954	0.378608070930129	0.421015771781953	1	-0.374880725328835	-0.318978216564286	-0.523133163006820	-0.155061498106608	-0.324954443596079	-0.508094674019316	-0.455916873584686	-0.333566506149865	-0.562953277728729	-0.496172155354768	-0.167542429550082	-0.0945895024316928
                -0.911778130844498	-0.819871823735329	-0.912725205858731	-0.374880725328835	1	0.591245077397186	0.943889122670685	0.121287277885130	0.531499417143506	0.108280011509319	-0.530141944328292	0.569143386521482	0.0272148077234098	-0.460104003118258	0.500666634603022	0.303831814392455
                -0.589781079270651	-0.789435847343274	-0.624752166526293	-0.318978216564286	0.591245077397186	1	0.672543706764790	0.122929622374124	0.842853233252159	0.347822827119391	-0.221476080431533	0.842514115171526	-0.0633457333016704	-0.250721186699840	0.371071250515319	0.241533662733589
                -0.863288673392872	-0.835962138454404	-0.899124534382982	-0.523133163006819	0.943889122670685	0.672543706764790	1	0.171310544150624	0.634604726921532	0.381744568172889	-0.333291010376363	0.665754620869212	0.143995616880180	-0.315949386778430	0.461018571267143	0.279908665699726
                -0.142191771363955	-0.146783471653166	-0.149839094779248	-0.155061498106608	0.121287277885130	0.122929622374124	0.171310544150624	1	0.103146077004967	-0.0278123234227904	-0.0874666761987515	0.112402643348399	0.0361081809528444	0.00680717077184479	0.109603749269070	0.0746783180581416
                -0.503578470356047	-0.774569515140796	-0.548741222671204	-0.324954443596079	0.531499417143506	0.842853233252159	0.634604726921532	0.103146077004967	1	0.453013975916798	-0.151597264935851	0.966542777393975	-0.0526151921133312	-0.207599686799178	0.288722755184353	0.188127143985404
                -0.0760167151319472	-0.236663358715056	-0.174914328380681	-0.508094674019316	0.108280011509319	0.347822827119391	0.381744568172889	-0.0278123234227904	0.453013975916798	1	0.454389981615882	0.395409021697313	0.257341662523105	0.240172477385978	-0.0202859709884111	-0.0174448878043578
                0.502651715067434	0.397448068233387	0.444866594373299	-0.455916873584686	-0.530141944328292	-0.221476080431533	-0.333291010376363	-0.0874666761987515	-0.151597264935851	0.454389981615883	1	-0.180930815231310	0.551941174042288	0.941375172105913	-0.315373277024221	-0.199466366471406
                -0.527261310501613	-0.776867928297999	-0.569837859459433	-0.333566506149865	0.569143386521482	0.842514115171526	0.665754620869212	0.112402643348399	0.966542777393975	0.395409021697313	-0.180930815231310	1	0.0622459294249238	-0.217985453985770	0.287558647470683	0.183101903757166
                0.0452013917551615	0.0704996616119359	0.00241524830894805	-0.562953277728729	0.0272148077234098	-0.0633457333016704	0.143995616880180	0.0361081809528444	-0.0526151921133312	0.257341662523105	0.551941174042289	0.0622459294249238	1	0.640780125561880	-0.0936331557923975	-0.0743251842683677
                0.441442676311651	0.380371191106830	0.400257322817329	-0.496172155354768	-0.460104003118258	-0.250721186699840	-0.315949386778430	0.00680717077184479	-0.207599686799178	0.240172477385978	0.941375172105913	-0.217985453985770	0.640780125561880	1	-0.262244655213093	-0.165402324051850
                -0.680226593220662	-0.611360610413661	-0.665235798595898	-0.167542429550082	0.500666634603022	0.371071250515319	0.461018571267143	0.109603749269070	0.288722755184353	-0.0202859709884111	-0.315373277024221	0.287558647470683	-0.0936331557923975	-0.262244655213093	1	0.787035065403735
                -0.440299429223641	-0.399055102999556	-0.429441551167405	-0.0945895024316928	0.303831814392456	0.241533662733589	0.279908665699726	0.0746783180581416	0.188127143985404	-0.0174448878043578	-0.199466366471406	0.183101903757166	-0.0743251842683677	-0.165402324051850	0.787035065403735	1

/
