&InputData

    ngrb = 1366
    inputBatseDataFile  = "batse_1366_lgrb_p1024ph_epk_sch23ph.txt"
    outputBatseDataFile = "batse_1366_lgrb_pbol_epk_sbol(0.001,20000).txt"

    IntegrationLimit%Zplus1min = 1.10e0
    IntegrationLimit%Zplus1max = 2.1e1
    IntegrationLimit%logepkmin = -6.7121659604233440
    IntegrationLimit%logepkmax = +12.455573549219071

    QuadSpecZ%nstep = 50
    QuadSpecZ%nRefinement = 3
    QuadSpecZ%tolerance = 1.d-4

    QuadSpecLiso%nstep = 50
    QuadSpecLiso%nRefinement = 5
    QuadSpecLiso%tolerance = 1.d-5

    QuadSpecEpkz%nstep = 50
    QuadSpecEpkz%nRefinement = 4
    QuadSpecEpkz%tolerance = 1.d-6

    QuadSpecGRBz%nstep = 50
    QuadSpecGRBz%nRefinement = 3
    QuadSpecGRBz%tolerance = 1.d-4

/

&ParaDRAM

    description                 = "ParaDRAM sampling of the LGRB world model of BATSE 1366 LGRBs,\nwithout any redshift (Kfactor) corrections to T90 durations"
   !outputColWidth              = 25
    outputRealPrecision         = 8
    fileBase                    = "./out/H06"
    randomSeed                  = 11111,
   !AccRange                    = 0.1e0,0.25e0,
    VarName                     = avgLogLiso
                                , avgLogEpkz
                                , avgLogEiso
                                , avgLogT90z
                                , stdLogLiso
                                , stdLogEpkz
                                , stdLogEiso
                                , stdLogT90z
                                , atanhCorLisoEpkz
                                , atanhCorLisoEiso
                                , atanhCorLisoT90z
                                , atanhCorEpkzEiso
                                , atanhCorEpkzT90z
                                , atanhCorEisoT90z
                                , avgLogThresh
                                , stdLogThresh
    targetAcceptanceRatio       = 0.2e0,
    scaleFactor                 = "0.5*gelman",
    sampleSize                  = 2500,
    chainSize                   = 50000,
    adaptiveUpdateCount         = 100000,
    greedyAdaptationCount       = 0,
    adaptiveUpdatePeriod        = 100,
    progressReportPeriod        = 100,
    proposalModel               = gaussian,
    parallelModel               = singleChain,
   !Domain(:,1)                 = 1*-1.e300,
   !Domain(:,2)                 = 1*1.e300,
    maxNumDomainCheckToWarn     = 100
    maxNumDomainCheckToStop     = 1000
    inputFileHasPriority        = .true.
    randomStartPointRequested   = .false.
    compactChainRequested       = .true.
    singleRestartFileRequested  = .true.
    StartPoint                  = 117.476623795689	5.40416943860255	118.547852348224	2.25687666019993	0.498420064648273	-0.123455034779530	0.771628905952307	-0.0485260190563767	0.597977300070810	1.70584301220453	0.492708252352392	0.741541858984690	0.342187253108405	0.671249695638867	-0.968578493044883	-1.13694356512757
!                                118.243574388126
!                                5.60187246623263
!                                119.318648689400
!                                2.28041635494203
!                                0.318831686271669
!                                -0.168613445794821
!                                0.670801303384468
!                                -0.0515895231298929
!                                0.511157500970142
!                                1.65890567960019
!                                0.585481571282202
!                                0.671815423447792
!                                0.354038721743261
!                                0.744802423541042
!                                -1.02195150187792
!                                -1.20028157576996

/

&ParaDRAMPropGaus

    StartStaDev = 0.680729333964599	0.182926239465597	0.708640597549512	0.0920968920724928	0.168168632763710	0.0502797175355794	0.101440449208826	0.0222572427652407	0.0964332457383157	0.101733809670840	0.123595589001822	0.0768272117970187	0.0474750226338257	0.0958997091105761	0.0545720296285769	0.0990093332960291
!                0.454808361641453
!                0.122767515809250
!                0.471180510876383
!                0.0692827740885683
!                0.132763550624781
!                0.0415323745965919
!                0.0771640852621453
!                0.0229733300567958
!                0.0890420486169385
!                0.102286329089419
!                0.120022823881510
!                0.0651062690480495
!                0.0445663715752274
!                0.0843622947732326
!                0.0510013940066164
!                0.106143030028735

    StartCorMat = 
                !corr    loglumean    logepkzmean    logeisomean    logt90zmean    loglumsigma    logepkzsigma    logeisosigma    logT90zsigma    rholumepkz    rholumeiso    rholumt90z    rhoepkzeiso    rhoepkzt90z    rhoeisot90z    Log(Cmin)    Log(Cmin_STDEV)
                1	0.929766751523394	0.994900532129740	0.472919276439936	-0.931161189930762	-0.713980452992295	-0.936777209216995	-0.0960882721930472	-0.642299896542678	-0.621029808574872	0.432379193360101	-0.676608392022721	-0.0650449257002129	0.463957194278866	-0.613700818085978	-0.382368539212998
                0.929766751523394	1	0.943883043950661	0.511148226256403	-0.853985712104216	-0.869461483879561	-0.898254823338056	-0.120817823291276	-0.843639934498693	-0.679490203356160	0.340714013886815	-0.857887175092613	-0.0577194721246734	0.390574953217209	-0.569572801247727	-0.344798348801236
                0.994900532129740	0.943883043950661	1	0.529432936762726	-0.922823652020551	-0.737544249832660	-0.950291989088152	-0.105667545967761	-0.673741506436408	-0.679639534671464	0.379812050052453	-0.704587600504586	-0.105848974107287	0.421437862257453	-0.602866991833486	-0.372009044063020
                0.472919276439936	0.511148226256403	0.529432936762726	1	-0.398508871740974	-0.424120154081565	-0.534384191710819	-0.201355476769966	-0.424675282863978	-0.654066436268776	-0.465408796408592	-0.427104711675187	-0.671463122306016	-0.449739629206080	-0.269552210998264	-0.169050523404742
                -0.931161189930762	-0.853985712104216	-0.922823652020551	-0.398508871740974	1	0.703426246716062	0.965412526647269	0.0683781376811388	0.636800220722701	0.561957787596528	-0.559358446146107	0.683810216311311	0.0292725291530842	-0.566813376874116	0.497190115214673	0.287656152017296
                -0.713980452992295	-0.869461483879561	-0.737544249832660	-0.424120154081565	0.703426246716062	1	0.766859296932614	0.114705918573555	0.894246007514261	0.624268749721502	-0.267205115882677	0.900758261757330	0.0283510777577297	-0.323969523128238	0.391669747899772	0.218139568477779
                -0.936777209216995	-0.898254823338056	-0.950291989088152	-0.534384191710819	0.965412526647269	0.766859296932614	1	0.107495532529438	0.715125566578146	0.732351971710995	-0.396748120262929	0.752728527570383	0.143405263625747	-0.440870337398365	0.478731101720533	0.271395204245811
                -0.0960882721930472	-0.120817823291276	-0.105667545967761	-0.201355476769966	0.0683781376811388	0.114705918573555	0.107495532529438	1	0.0981203257678943	-0.00536928781506663	0.0172104530741817	0.117021228900421	0.159053171507531	0.0900884511822883	0.127206743737767	0.104946401962965
                -0.642299896542678	-0.843639934498693	-0.673741506436408	-0.424675282863978	0.636800220722701	0.894246007514261	0.715125566578146	0.0981203257678943	1	0.666319062867867	-0.200680224755416	0.976659342812411	0.0286126030138903	-0.275084255073098	0.331571427856574	0.172258445254050
                -0.621029808574872	-0.679490203356160	-0.679639534671464	-0.654066436268776	0.561957787596528	0.624268749721502	0.732351971710995	-0.00536928781506663	0.666319062867867	1	0.130535238630720	0.638857660068847	0.291943196763686	-0.0330539753653398	0.251094468393908	0.123285869268987
                0.432379193360101	0.340714013886815	0.379812050052453	-0.465408796408592	-0.559358446146107	-0.267205115882677	-0.396748120262929	0.0172104530741817	-0.200680224755416	0.130535238630720	1	-0.246068869828639	0.609133096308035	0.965788357502467	-0.244578761401574	-0.123457122318019
                -0.676608392022721	-0.857887175092613	-0.704587600504586	-0.427104711675187	0.683810216311311	0.900758261757330	0.752728527570383	0.117021228900421	0.976659342812411	0.638857660068847	-0.246068869828639	1	0.0991991131212010	-0.306660231102124	0.343557718703863	0.179461674469162
                -0.0650449257002129	-0.0577194721246734	-0.105848974107287	-0.671463122306016	0.0292725291530842	0.0283510777577297	0.143405263625747	0.159053171507531	0.0286126030138903	0.291943196763686	0.609133096308035	0.0991991131212010	1	0.652448508134940	0.0143904018507928	0.0326648780054307
                0.463957194278866	0.390574953217209	0.421437862257453	-0.449739629206080	-0.566813376874116	-0.323969523128238	-0.440870337398365	0.0900884511822883	-0.275084255073098	-0.0330539753653398	0.965788357502467	-0.306660231102124	0.652448508134940	1	-0.225188019997165	-0.0984390797289331
                -0.613700818085978	-0.569572801247727	-0.602866991833486	-0.269552210998264	0.497190115214673	0.391669747899772	0.478731101720533	0.127206743737767	0.331571427856574	0.251094468393908	-0.244578761401574	0.343557718703863	0.0143904018507928	-0.225188019997165	1	0.818627009571861
                -0.382368539212998	-0.344798348801236	-0.372009044063020	-0.169050523404742	0.287656152017296	0.218139568477779	0.271395204245811	0.104946401962965	0.172258445254050	0.123285869268987	-0.123457122318019	0.179461674469162	0.0326648780054307	-0.0984390797289331	0.818627009571861	1

!                1	0.899014917039064	0.991774086360505	0.384865705809598	-0.938914587076867	-0.605240182240076	-0.897240811788198	-0.141204299879809	-0.502706412211757	-0.314891940422282	0.433462742112823	-0.540791192819622	-0.0130695428796587	0.425492139995944	-0.685853804648101	-0.440921648121191
!                0.899014917039064	1	0.919238073558060	0.421885884745701	-0.844306856262998	-0.802717113916491	-0.869304969500623	-0.143110501715238	-0.782939273204761	-0.453172929533712	0.326515421738246	-0.795477014896163	0.0119103494678028	0.361854370228680	-0.605958472402356	-0.389901486019728
!                0.991774086360505	0.919238073558060	1	0.459342342431829	-0.936284121016624	-0.640041677543959	-0.929373400291075	-0.146515807763975	-0.549914742177482	-0.409410718266738	0.369707359358486	-0.583104959867428	-0.0550393353406960	0.381120008433962	-0.674037219958950	-0.432586258896819
!                0.384865705809598	0.421885884745701	0.459342342431829	1	-0.391209925246156	-0.342867528654652	-0.539642438514570	-0.143890013276868	-0.344016894336033	-0.584508588017766	-0.515344677062574	-0.346174210437760	-0.575503278266265	-0.504113525495290	-0.229999336462143	-0.144732579527517
!                -0.938914587076867	-0.844306856262997	-0.936284121016624	-0.391209925246156	1	0.611916970897156	0.945155325467578	0.114004747481131	0.525622659884855	0.333399733244521	-0.466447531967239	0.571553035253018	0.0447905445886021	-0.455542843577732	0.574391202145531	0.354598869272386
!                -0.605240182240076	-0.802717113916491	-0.640041677543959	-0.342867528654652	0.611916970897156	1	0.692532781668638	0.117496693617573	0.835579012334902	0.477740586607414	-0.183820814032682	0.841752458696629	-0.0275280122680790	-0.248744695964922	0.381047767241327	0.242359512506458
!                -0.897240811788198	-0.869304969500623	-0.929373400291075	-0.539642438514570	0.945155325467578	0.692532781668638	1	0.157222927558167	0.634030036402178	0.579346109939381	-0.262539214389678	0.668620210336781	0.163458225434003	-0.305387925502757	0.537660295541216	0.330393426951041
!                -0.141204299879809	-0.143110501715238	-0.146515807763975	-0.143890013276868	0.114004747481131	0.117496693617573	0.157222927558167	1	0.0893742323732488	-0.0226829638500497	-0.0743962842673957	0.0989638812204168	0.0468050672062071	0.0209470826743181	0.111088276295443	0.0699596262062572
!                -0.502706412211757	-0.782939273204761	-0.549914742177482	-0.344016894336033	0.525622659884855	0.835579012334902	0.634030036402178	0.0893742323732488	1	0.566543311340043	-0.0999220417350842	0.965965694573586	-0.0293791319642641	-0.195801563961812	0.292664321148150	0.182418856228338
!                -0.314891940422282	-0.453172929533712	-0.409410718266738	-0.584508588017766	0.333399733244521	0.477740586607414	0.579346109939381	-0.0226829638500497	0.566543311340043	1	0.361376648331057	0.511481555352916	0.259799519188512	0.141955669376359	0.147762249397101	0.0869603674091011
!                0.433462742112823	0.326515421738246	0.369707359358486	-0.515344677062574	-0.466447531967239	-0.183820814032682	-0.262539214389678	-0.0743962842673957	-0.0999220417350842	0.361376648331057	1	-0.140291827179627	0.576689181034341	0.948464907016915	-0.287537083448798	-0.178288557667494
!                -0.540791192819622	-0.795477014896163	-0.583104959867428	-0.346174210437760	0.571553035253018	0.841752458696629	0.668620210336781	0.0989638812204168	0.965965694573586	0.511481555352916	-0.140291827179627	1	0.0789433145440562	-0.216255914452374	0.308632806413565	0.188007576074454
!                -0.0130695428796587	0.0119103494678028	-0.0550393353406960	-0.575503278266265	0.0447905445886021	-0.0275280122680790	0.163458225434003	0.0468050672062071	-0.0293791319642641	0.259799519188512	0.576689181034341	0.0789433145440562	1	0.637862813710975	-0.0267257860790731	-0.0258975864599045
!                0.425492139995944	0.361854370228680	0.381120008433962	-0.504113525495290	-0.455542843577732	-0.248744695964922	-0.305387925502757	0.0209470826743181	-0.195801563961812	0.141955669376359	0.948464907016915	-0.216255914452374	0.637862813710975	1	-0.266805250363768	-0.163009752878315
!                -0.685853804648101	-0.605958472402356	-0.674037219958950	-0.229999336462143	0.574391202145531	0.381047767241327	0.537660295541216	0.111088276295443	0.292664321148150	0.147762249397101	-0.287537083448798	0.308632806413565	-0.0267257860790731	-0.266805250363768	1	0.792237233760610
!                -0.440921648121191	-0.389901486019728	-0.432586258896819	-0.144732579527517	0.354598869272386	0.242359512506458	0.330393426951041	0.0699596262062572	0.182418856228338	0.0869603674091011	-0.178288557667494	0.188007576074454	-0.0258975864599045	-0.163009752878315	0.792237233760610	1
/