&InputData

    ngrb = 1366
    inputBatseDataFile  = "../in/batse_1366_lgrb_p1024ph_epk_sch23ph.txt"
    outputBatseDataFile = "../in/batse_1366_lgrb_pbol_epk_sbol(0.001,20000).txt"

    IntegrationLimit%Zplus1min = 1.10e0
    IntegrationLimit%Zplus1max = 2.1e1
    IntegrationLimit%logepkmin = -6.7121659604233440
    IntegrationLimit%logepkmax = +12.455573549219071

    QuadSpecZ%nstep = 50
    QuadSpecZ%nRefinement = 3
    QuadSpecZ%tolerance = 1.d-4

    QuadSpecLiso%nstep = 50
    QuadSpecLiso%nRefinement = 5
    QuadSpecLiso%tolerance = 1.d-5

    QuadSpecEpkz%nstep = 50
    QuadSpecEpkz%nRefinement = 4
    QuadSpecEpkz%tolerance = 1.d-6

    QuadSpecGRBz%nstep = 50
    QuadSpecGRBz%nRefinement = 3
    QuadSpecGRBz%tolerance = 1.d-4

/

&ParaDRAM

    outputColWidth              = 25
    outputRealPrecision         = 8
    fileBase                    = "./../out/"
   !randomSeed                  = 454545,
    randomSeed                  = 11111,
    AccRange                    = 0.1e0,0.25e0,
    VarName                     = avgLogLiso
                                , avgLogEpkz
                                , avgLogEiso
                                , avgLogT90z
                                , stdLogLiso
                                , stdLogEpkz
                                , stdLogEiso
                                , stdLogT90z
                                , atanhCorLisoEpkz
                                , atanhCorLisoEiso
                                , atanhCorLisoT90z
                                , atanhCorEpkzEiso
                                , atanhCorEpkzT90z
                                , atanhCorEisoT90z
                                , avgLogThresh
                                , stdLogThresh
    chainSize                   = 10000,
    adaptiveUpdateCount         = 10000,
    greedyAdaptationCount       = 0,
    adaptiveUpdatePeriod        = 100,
    progressReportPeriod        = 100,
    proposalModel               = gaussian,
    parallelModel               = singleChain,
   !Domain(:,1)                 = 1*-1.e300,
   !Domain(:,2)                 = 1*1.e300,
    maxNumDomainCheckToWarn     = 100
    maxNumDomainCheckToStop     = 1000
    inputFileHasPriority        = .true.
    randomStartPointRequested   = .false.
    equalSampleWeightRequested  = .false.
    singleRestartFileRequested  = .true.
    StartPoint                  = 
   !51.3453    2.4326    51.8131    0.9898    -0.2217    -0.4355    -0.0703    -0.3849    0.4638    0.9284    0.5209    0.5827    0.3409    0.6294    -0.4442    -0.8853
    118.226922375307
    5.60126849721732
    119.304071681810
    2.27909872504551
    0.323549330131176
    -0.168743362750951
    0.672160713210475
    -0.052232557045452
    0.502141923682634
    1.646675424282434
    0.577574099994623
    0.666541070370865
    0.355110520613461
    0.740421907012641
    -1.022808298307955
    -1.204446137579673

/

&ParaDRAMPropGaus

    StartStaDev = 
   !0.2105    0.0565    0.2167    0.0301    0.0600    0.0183    0.0351    0.0099    0.0738    0.0149    0.0874    0.045    0.0392    0.0522    0.0221    0.0455
   !0.4847    0.1301    0.4990    0.0693    0.1382    0.0421    0.0808    0.0228    0.0738    0.0149    0.0874    0.045    0.0392    0.0522    0.0509    0.1048
   0.481469804451176	0.134157020188887	0.496877433892596	0.0667349827270838	0.132360756247486	0.0433362083455454	0.0770087978622545	0.0236332785951032	0.0899284572860603	0.0945561335716203	0.115452949258753	0.0665260334049969	0.0447023649434755	0.0832182836860239	0.0513926531731085	0.106661324402750
    StartCorMat = 
    !corr    loglumean    logepkzmean    logeisomean    logt90zmean    loglumsigma    logepkzsigma    logeisosigma    logT90zsigma    rholumepkz    rholumeiso    rholumt90z    rhoepkzeiso    rhoepkzt90z    rhoeisot90z    Log(Cmin)    Log(Cmin_STDEV)
1    0.919494181022673    0.993157869086122    0.356799894440466    -0.937423142417293    -0.623806670886910    -0.901852313260597    -0.0971401425821708    -0.564186461337529    -0.372081895118832    0.482040459225493    -0.596958244073444    0.0366379571741569    0.470770623792404    -0.658455943165531    -0.455620094513085
0.919494181022673    1    0.937707507168280    0.390279599123056    -0.859156668396388    -0.802779550281016    -0.882663360171183    -0.0708430965117818    -0.800197588717229    -0.524362426605940    0.390053225964202    -0.810068995635697    0.0401929185475895    0.424379986106127    -0.590450334001958    -0.390447928231658
0.993157869086122    0.937707507168280    1    0.420988259038815    -0.936320035702733    -0.657468510458528    -0.929980579186846    -0.111937461423681    -0.603746290407941    -0.457412125774668    0.428796582259015    -0.634304033478844    -0.00760132762473769    0.432512890849165    -0.647511598982525    -0.441937908492898
0.356799894440466    0.390279599123056    0.420988259038815    1    -0.377019945779529    -0.326031484358007    -0.502001070718301    -0.260368452845588    -0.316734399452733    -0.549638417533834    -0.491872922723518    -0.342552525098447    -0.586130984220260    -0.501594376938811    -0.220784191541583    -0.161372472918005
-0.937423142417293    -0.859156668396388    -0.936320035702733    -0.377019945779529    1    0.635745901184567    0.952841707131415    0.0638429828071408    0.582766154845050    0.393738345005223    -0.506057874090350    0.626443082888232    0.0140774938974387    -0.486624753017675    0.557381074529016    0.365122049353768
-0.623806670886910    -0.802779550281016    -0.657468510458527    -0.326031484358007    0.635745901184567    1    0.712099025007543    0.0236319574973218    0.858193991563764    0.555146928035502    -0.241100631543723    0.852337031969424    -0.0478087099605840    -0.300641179892979    0.346732259288042    0.182621375165334
-0.901852313260597    -0.882663360171183    -0.929980579186846    -0.502001070718301    0.952841707131415    0.712099025007543    1    0.134830755148432    0.676326278001372    0.609019127608780    -0.336925099942184    0.714245390180556    0.128128647337733    -0.358968241429046    0.514112901776607    0.326595293919343
-0.0971401425821708    -0.0708430965117818    -0.111937461423681    -0.260368452845588    0.0638429828071408    0.0236319574973218    0.134830755148432    1    0.00682963620395078    0.00366536954646282    0.0282064391124163    0.0289909599438147    0.126021963499701    0.118196433228553    0.111527685388652    0.0893476473010389
-0.564186461337529    -0.800197588717229    -0.603746290407941    -0.316734399452733    0.582766154845050    0.858193991563764    0.676326278001372    0.00682963620395078    1    0.626836575663069    -0.182867815637121    0.969119881056070    -0.0225449479390905    -0.266448197461450    0.311030202365431    0.167129824815847
-0.372081895118832    -0.524362426605940    -0.457412125774668    -0.549638417533834    0.393738345005223    0.555146928035502    0.609019127608780    0.00366536954646282    0.626836575663069    1    0.257800912450563    0.588498566915784    0.271404544531532    0.0779127694702169    0.156015051570704    0.0673856687116421
0.482040459225493    0.390053225964202    0.428796582259015    -0.491872922723518    -0.506057874090350    -0.241100631543723    -0.336925099942184    0.0282064391124163    -0.182867815637121    0.257800912450563    1    -0.204952282097507    0.574448195440939    0.958518265483189    -0.298344746536932    -0.152117534559386
-0.596958244073444    -0.810068995635697    -0.634304033478844    -0.342552525098447    0.626443082888232    0.852337031969424    0.714245390180556    0.0289909599438147    0.969119881056070    0.588498566915784    -0.204952282097507    1    0.0919551100972374    -0.272511681786774    0.320525485522123    0.175847162797956
0.0366379571741569    0.0401929185475895    -0.00760132762473769    -0.586130984220260    0.0140774938974387    -0.0478087099605840    0.128128647337733    0.126021963499701    -0.0225449479390905    0.271404544531532    0.574448195440939    0.0919551100972374    1    0.626163958927115    -0.0265122932035554    0.0535674667752423
0.470770623792404    0.424379986106127    0.432512890849165    -0.501594376938811    -0.486624753017675    -0.300641179892979    -0.358968241429046    0.118196433228553    -0.266448197461450    0.0779127694702169    0.958518265483189    -0.272511681786775    0.626163958927115    1    -0.259565101345136    -0.101221082345193
-0.658455943165531    -0.590450334001958    -0.647511598982525    -0.220784191541583    0.557381074529016    0.346732259288042    0.514112901776607    0.111527685388652    0.311030202365431    0.156015051570704    -0.298344746536932    0.320525485522123    -0.0265122932035554    -0.259565101345136    1    0.819750731704874
-0.455620094513085    -0.390447928231658    -0.441937908492898    -0.161372472918005    0.365122049353768    0.182621375165334    0.326595293919343    0.0893476473010389    0.167129824815847    0.0673856687116421    -0.152117534559386    0.175847162797956    0.0535674667752423    -0.101221082345193    0.819750731704874    1

/